image_width: 320
image_height: 240
camera_name: PS3Eye
camera_matrix:
  rows: 3
  cols: 3
  data: [263.153893, 0.000000, 146.119028, 0.000000, 264.146888, 124.571979, 0.000000, 0.000000, 1.000000]
distortion_model: plumb_bob
distortion_coefficients:
  rows: 1
  cols: 5
  data: [-0.109191, 0.084807, 0.009254, -0.008282, 0.000000]
rectification_matrix:
  rows: 3
  cols: 3
  data: [1.000000, 0.000000, 0.000000, 0.000000, 1.000000, 0.000000, 0.000000, 0.000000, 1.000000]
projection_matrix:
  rows: 3
  cols: 4
  data: [254.592224, 0.000000, 142.598764, 0.000000, 0.000000, 257.767731, 125.838437, 0.000000, 0.000000, 0.000000, 1.000000, 0.000000]
